START
FLUX_JY=2160.33135581
AREA_DEGSQ=1.08679313326e-05
BGSTDCOR_JYBM=0.283891044369
dMAXABS_JYBM=0.0818521557604
NPIXSRC=389
BGAVG_JYBM=2.60128984798
dWCENTABS_DEG=[3.35005564559992e-05, 3.323469441610601e-05]
WCENT_DEG=[ 276.03279015  -11.11166745]
POLYSKY=[276.0315646356848, -11.09733312277404, 276.0271131841829, -11.09971570825237, 276.02529207287284, -11.10229685922681, 276.02387555745975, -11.10666499025038, 276.0227624909746, -11.111827337689101, 276.0244824025412, -11.113018709623168, 276.02873172268517, -11.111331096261457, 276.03217161383975, -11.109444869173624, 276.03561144957354, -11.106367283930478, 276.0372301335489, -11.10239620160363, 276.0377359118107, -11.098028023903673, 276.0350043576919, -11.097432395350303]
BGMAX_JYBM=3.45627474785
CLEANBIASFLUX_JY=0.0
BGMIN_JYBM=2.24072265625
dWCENT_DEG=[1.8726514480542946e-05, 1.8246642832596437e-05]
dFLUXABS_JY=31.8452583894
BGMED_JYBM=2.59491658211
BGMAD_JYBM=0.0818521557604
FLUXABS_JY=2160.33135581
MAXABS_JYBM=40.8809738159
dFLUX_JY=31.8453233864
SUM=3169.75
MIN_JYBM=2.71571445465
CLEANBIAS_JYBM=0.0
SUMSQ=51337.3
BGSTD_JYBM=0.283891044369
DIAM_DEG=0.00371987633426
dDIAM_WT_DEG=1.60058338516e-06
CENTMAX_DEG=[ 276.0329306   -11.11166265]
NBEAMS=38.0680937744
POLYSRC=[276.0340567543414, -11.110101620865578, 276.0334628879963, -11.109792044008286, 276.03236794916063, -11.109773833454437, 276.0315142652315, -11.11035656663369, 276.0309389520326, -11.111121404354934, 276.0309203853801, -11.112323297164453, 276.0314400176147, -11.113160983119357, 276.03214523949697, -11.113579827244656, 276.0330917243191, -11.113488775724788, 276.0335928038518, -11.113252038557235, 276.0346506331132, -11.112305088451825, 276.03452071773904, -11.111157827726307, 276.0343165721775, -11.110429408770008]
CENT_DEG=[ 276.03275944  -11.11165065]
BEAMAREA_PX=1.0
MAX_JYBM=40.8809738159
BGMADCOR_JYBM=0.0818521557604
DIAM_WT_DEG=0.00171387074037
CALIBERR=0.0
POLYEXC=[]
NPIXSKY=5172
END

