START
FLUX_JY=0.0278951566041
AREA_DEGSQ=2.10902078389e-06
BGSTDCOR_JYBM=0.000277604666026
dMAXABS_JYBM=0.000281785678356
NPIXSRC=298
BGAVG_JYBM=-1.33119812467e-05
dWCENTABS_DEG=[0.00022438826200665612, 0.00022244939906959136]
WCENT_DEG=[ 276.03289948  -11.11166276]
POLYSKY=[276.03533005160693, -11.107912827434166, 276.0304979000798, -11.107911039011142, 276.029991991762, -11.114331802806568, 276.03482421196986, -11.11443238313847, 276.035933809046, -11.10860453296435, 276.0418750729411, -11.103766204036752, 276.0421711207168, -11.120460789372908, 276.0218355734892, -11.118971443413937, 276.0239566784002, -11.102376597661456, 276.04137208603873, -11.102778193169023]
BGMAX_JYBM=0.00129156245384
CLEANBIASFLUX_JY=0.0
BGMIN_JYBM=-0.00140688405372
dWCENT_DEG=[0.00022266227158658053, 0.00022070824680593771]
dFLUXABS_JY=0.0029643750153
BGMED_JYBM=-1.22448682305e-05
BGMAD_JYBM=0.000373308532203
FLUXABS_JY=0.0278951566041
MAXABS_JYBM=0.00990399066359
dFLUX_JY=0.00296436996355
SUM=0.786556
MIN_JYBM=-0.000392244226532
CLEANBIAS_JYBM=0.0
SUMSQ=0.00431978
BGSTD_JYBM=0.000367769543902
DIAM_DEG=0.00163868504073
dDIAM_WT_DEG=8.35499260432e-06
CENTMAX_DEG=[ 276.03297923  -11.11163181]
NBEAMS=2.84002982118
POLYSRC=[276.03308053552774, -11.110901733218986, 276.03265774819033, -11.110856589692883, 276.032219610487, -11.110986389267005, 276.03206152512746, -11.111421204586167, 276.03206136270495, -11.111836084541356, 276.0322751722025, -11.112196060116041, 276.0326724035409, -11.112466129648507, 276.0333906778473, -11.112436403881203, 276.0336761246974, -11.111971643379983, 276.03373737288234, -11.111661755514929, 276.0336508995006, -11.111336817696808, 276.0334523246502, -11.111096814009263]
CENT_DEG=[ 276.03288289  -11.11165723]
BEAMAREA_PX=28.327691601
MAX_JYBM=0.00990399066359
BGMADCOR_JYBM=0.000281785678356
DIAM_WT_DEG=0.000702188451804
CALIBERR=0.0
POLYEXC=[]
NPIXSKY=40561
END
