START
FLUX_JY=4.16289655571
AREA_DEGSQ=6.77867098383e-05
BGSTDCOR_JYBM=8.16607188493e-05
dMAXABS_JYBM=8.18040012449e-05
NPIXSRC=9755
BGAVG_JYBM=-7.64863988445e-05
dWCENTABS_DEG=[2.7923403193552547e-05, 2.7877995686640695e-05]
WCENT_DEG=[ 296.70102097   25.21269687]
POLYSKY=[296.7042397353327, 25.220416619382576, 296.6919475513497, 25.220328237656194, 296.69186646636126, 25.20500661994687, 296.7093459203105, 25.20625048009517, 296.705423476632, 25.220334770405444, 296.7120671103587, 25.227092217901102, 296.7187267113957, 25.198428530894326, 296.68204168679483, 25.194374834355493, 296.682200127688, 25.226747933080432, 296.7097905624979, 25.22725604928482]
BGMAX_JYBM=0.00205837748945
CLEANBIASFLUX_JY=0.0
BGMIN_JYBM=-0.00269029499032
dWCENT_DEG=[2.8480708625480903e-06, 2.3617165860348364e-06]
dFLUXABS_JY=0.0281704536951
BGMED_JYBM=-8.20632703835e-05
BGMAD_JYBM=0.000476243207231
FLUXABS_JY=4.16289655571
MAXABS_JYBM=0.0900858268142
dFLUX_JY=0.0281704544376
SUM=117.125
MIN_JYBM=-0.0011447055731
CLEANBIAS_JYBM=0.0
SUMSQ=2.78542
BGSTD_JYBM=0.000475409051608
DIAM_DEG=0.00929024862819
dDIAM_WT_DEG=5.89658186952e-07
CENTMAX_DEG=[ 296.7046256    25.21274929]
NBEAMS=132.54883656
POLYSRC=[296.70497160841825, 25.214074142121824, 296.70351500950784, 25.213743993985894, 296.70269487802, 25.214979231547268, 296.70087288971615, 25.21670824140244, 296.69777671489555, 25.2174481202851, 296.6958657044017, 25.215717314594947, 296.6950474881358, 25.213739922749507, 296.6952308682318, 25.211680664601584, 296.69614260633284, 25.209621773670243, 296.69741848946205, 25.20756305739493, 296.70024104496247, 25.207234926939904, 296.70278925374186, 25.20904834298464, 296.7037900671476, 25.210284408005016, 296.70479157341185, 25.21028485592979, 296.70624800281786, 25.21086211365678, 296.7063385237689, 25.211850641519092, 296.70624695030557, 25.212839090413997, 296.7059735422518, 25.21333321579087]
CENT_DEG=[ 296.70000035   25.21226558]
BEAMAREA_PX=28.3276995918
MAX_JYBM=0.0900858268142
BGMADCOR_JYBM=8.18040012449e-05
DIAM_WT_DEG=0.00479711569428
CALIBERR=0.0
POLYEXC=[]
NPIXSKY=102100
END
